|-------------------------------|
| #  | B.A.   | M.A.   | PhD    |
|-------------------------------|
| 01 | 30000  | 40000  | 50000  | 
|-------------------------------|
| 02 | 30300  | 41200  | 52500  | 
|-------------------------------|
| 03 | 30603  | 42436  | 55125  | 
|-------------------------------|
| 04 | 30909  | 43709  | 57881  | 
|-------------------------------|
| 05 | 31218  | 45020  | 60775  | 
|-------------------------------|
| 06 | 31530  | 46370  | 63813  | 
|-------------------------------|
| 07 | 31845  | 47761  | 67003  | 
|-------------------------------|
| 08 | 32163  | 49193  | 70353  | 
|-------------------------------|
| 09 | 32484  | 50668  | 73870  | 
|-------------------------------|
| 10 | 32808  | 52188  | 77563  | 
|-------------------------------|
| 11 | 33136  | 53753  | 81441  | 
|-------------------------------|
| 12 | 33467  | 55365  | 85513  | 
|-------------------------------|
| 13 | 33801  | 57025  | 89788  | 
|-------------------------------|
| 14 | 34139  | 58735  | 94277  | 
|-------------------------------|
| 15 | 34480  | 60497  | 98990  | 
|-------------------------------|
| 16 | 34824  | 62311  | 103939 | 
|-------------------------------|
| 17 | 35172  | 64180  | 109135 | 
|-------------------------------|
| 18 | 35523  | 66105  | 114591 | 
|-------------------------------|
| 19 | 35878  | 68088  | 120320 | 
|-------------------------------|
| 20 | 36236  | 70130  | 126336 | 
|-------------------------------|